# Forces      
# CofR        : (0.000000e+00 0.000000e+00 0.000000e+00)
# Time        forces(pressure viscous)	moments(pressure viscous)
0             	((0.000000e+00 0.000000e+00 0.000000e+00) (2.375144e-07 -2.112760e-04 1.248422e-06)) ((0.000000e+00 0.000000e+00 0.000000e+00) (3.601205e-08 1.231657e-06 6.514374e-07))
1.2e-05       	((-4.525847e-02 5.658623e+01 -2.198073e+00) (-2.017969e-06 -1.929945e-04 -3.276665e-05)) ((2.559714e-02 -6.195888e+00 -1.067784e-01) (2.600119e-07 -3.296768e-05 2.063466e-07))
2.64e-05      	((-6.604644e-02 3.897189e+01 -1.571045e+00) (-6.088213e-06 -2.479938e-04 -3.256518e-05)) ((1.639251e-02 -4.255496e+00 -7.483147e-02) (1.645510e-07 -4.038073e-05 -7.545062e-08))
4.35e-05      	((-4.750432e-02 1.749841e+01 -6.500516e-01) (-1.066420e-05 -4.471372e-04 -5.096691e-05)) ((3.800090e-03 -1.977809e+00 -3.138605e-02) (5.129400e-07 -9.037694e-05 1.671614e-06))
6.32308e-05   	((-1.821223e-01 3.923608e+00 6.310790e-02) (-1.782725e-05 -9.559154e-04 -8.518971e-05)) ((-6.577867e-03 -4.963537e-01 3.726979e-03) (1.197258e-06 -1.363024e-04 5.787820e-06))
8.69077e-05   	((4.975925e-03 -1.244898e+00 4.059528e-01) (2.406428e-05 -1.414689e-03 -9.291992e-05)) ((-1.558608e-03 1.244416e-01 2.248931e-02) (8.958350e-07 -1.440735e-04 8.064796e-06))
0.000113544   	((1.916025e-02 -1.677169e+00 3.458396e-01) (3.019838e-05 -1.694568e-03 -9.740371e-05)) ((-1.433668e-03 1.998907e-01 1.787497e-02) (4.362824e-08 -1.482216e-04 7.383760e-06))
0.000140181   	((2.899266e-02 -7.497165e-01 2.342178e-01) (2.990613e-05 -1.860262e-03 -1.047408e-04)) ((-8.030569e-04 1.064154e-01 1.151760e-02) (-4.178836e-08 -1.550971e-04 6.516857e-06))
0.000166817   	((2.031668e-02 1.670731e-01 1.333301e-01) (2.931873e-05 -1.974440e-03 -1.103939e-04)) ((-5.053544e-04 4.151874e-03 6.084171e-03) (-1.069765e-08 -1.624048e-04 5.608977e-06))
0.000193454   	((1.474584e-02 7.215312e-01 5.797547e-02) (2.898782e-05 -2.060122e-03 -1.121581e-04)) ((-1.200679e-04 -6.237748e-02 2.324041e-03) (-2.558604e-08 -1.693923e-04 4.929877e-06))
0.00022009    	((1.348473e-02 9.541289e-01 1.699473e-02) (2.673295e-05 -2.130376e-03 -1.095635e-04)) ((1.735744e-04 -9.385639e-02 4.387342e-04) (-3.335402e-08 -1.756652e-04 4.616476e-06))
0.000246727   	((1.107082e-02 9.829641e-01 2.524840e-03) (2.510226e-05 -2.192253e-03 -1.064955e-04)) ((1.809058e-04 -1.017927e-01 -1.579096e-04) (3.412013e-08 -1.811076e-04 4.438669e-06))
0.000273363   	((8.230180e-03 9.183357e-01 2.013064e-03) (2.421475e-05 -2.248719e-03 -1.029963e-04)) ((6.101197e-05 -9.790239e-02 -1.058666e-04) (7.628550e-08 -1.856437e-04 4.289913e-06))
0.0003        	((6.207286e-03 8.311577e-01 6.055957e-03) (2.399063e-05 -2.300666e-03 -9.929182e-05)) ((-6.541558e-05 -9.014835e-02 1.584317e-04) (8.489257e-08 -1.893259e-04 4.155625e-06))
0.000325      	((4.818341e-03 7.611384e-01 9.712239e-03) (2.369193e-05 -2.346104e-03 -9.621569e-05)) ((-1.685617e-04 -8.340722e-02 3.884045e-04) (8.120934e-08 -1.921304e-04 4.034710e-06))
0.00035       	((3.425107e-03 7.101995e-01 1.134961e-02) (2.301754e-05 -2.388322e-03 -9.303376e-05)) ((-2.412529e-04 -7.813646e-02 4.978673e-04) (5.944361e-08 -1.943841e-04 3.918496e-06))
0.000375      	((1.955209e-03 6.782649e-01 1.123746e-02) (2.211691e-05 -2.426918e-03 -8.960317e-05)) ((-2.969150e-04 -7.461077e-02 5.077603e-04) (1.258007e-08 -1.962449e-04 3.818609e-06))
0.0004        	((4.657009e-04 6.605314e-01 1.047700e-02) (2.095261e-05 -2.462207e-03 -8.619722e-05)) ((-3.477936e-04 -7.247082e-02 4.750778e-04) (-4.314402e-08 -1.977941e-04 3.716845e-06))
0.000428571   	((-2.638896e-04 6.436644e-01 9.626791e-03) (1.960659e-05 -2.498716e-03 -8.220014e-05)) ((-3.541225e-04 -7.024685e-02 4.496372e-04) (-1.171411e-07 -1.992692e-04 3.597584e-06))
0.000462857   	((-3.096773e-04 6.251872e-01 8.889750e-03) (1.838098e-05 -2.537549e-03 -7.743557e-05)) ((-3.230377e-04 -6.780752e-02 4.361024e-04) (-2.023659e-07 -2.007419e-04 3.436654e-06))
0.000497143   	((-1.422500e-04 6.150108e-01 7.542102e-03) (1.732966e-05 -2.572161e-03 -7.284895e-05)) ((-2.865412e-04 -6.642539e-02 3.989095e-04) (-2.794268e-07 -2.019390e-04 3.264425e-06))
0.000531429   	((-1.757288e-04 6.073488e-01 5.840614e-03) (1.629903e-05 -2.602722e-03 -6.866859e-05)) ((-2.593358e-04 -6.541989e-02 3.418050e-04) (-3.561665e-07 -2.029315e-04 3.071420e-06))
0.000565714   	((-5.024469e-04 6.001325e-01 4.391379e-03) (1.529117e-05 -2.629764e-03 -6.479396e-05)) ((-2.532246e-04 -6.454765e-02 2.825745e-04) (-4.344842e-07 -2.037390e-04 2.865563e-06))
0.0006        	((-7.215317e-04 5.932654e-01 3.167834e-03) (1.437512e-05 -2.653717e-03 -6.108190e-05)) ((-2.497159e-04 -6.376557e-02 2.298364e-04) (-5.041702e-07 -2.043959e-04 2.664667e-06))
0.0006375     	((-7.496083e-04 5.827885e-01 2.263099e-03) (1.340045e-05 -2.676659e-03 -5.686665e-05)) ((-2.377578e-04 -6.256108e-02 1.882776e-04) (-5.791183e-07 -2.049904e-04 2.450825e-06))
0.000675      	((-7.882709e-04 5.750141e-01 1.278442e-03) (1.241469e-05 -2.696720e-03 -5.273424e-05)) ((-2.280873e-04 -6.168900e-02 1.441025e-04) (-6.525048e-07 -2.054647e-04 2.242187e-06))
0.0007125     	((-7.669477e-04 5.686397e-01 3.166192e-04) (1.145095e-05 -2.714463e-03 -4.884114e-05)) ((-2.157573e-04 -6.098486e-02 1.031101e-04) (-7.204705e-07 -2.058229e-04 2.039457e-06))
0.00075       	((-6.745122e-04 5.630534e-01 -6.060725e-04) (1.049101e-05 -2.730080e-03 -4.520106e-05)) ((-1.993917e-04 -6.036997e-02 6.675479e-05) (-7.844923e-07 -2.060816e-04 1.835346e-06))
0.0007875     	((-4.101335e-04 5.581465e-01 -1.578821e-03) (9.503050e-06 -2.743806e-03 -4.182566e-05)) ((-1.736174e-04 -5.982144e-02 3.182697e-05) (-8.411387e-07 -2.062496e-04 1.624895e-06))
0.000825      	((-4.478855e-04 5.538147e-01 -2.532153e-03) (8.572858e-06 -2.755897e-03 -3.865493e-05)) ((-1.599002e-04 -5.931816e-02 -9.755983e-06) (-8.912249e-07 -2.063311e-04 1.408377e-06))
0.0008625     	((-6.426071e-04 5.499493e-01 -3.269419e-03) (7.594500e-06 -2.766481e-03 -3.565353e-05)) ((-1.585391e-04 -5.885099e-02 -4.659359e-05) (-9.422285e-07 -2.063386e-04 1.185256e-06))
0.0009        	((-6.685284e-04 5.464456e-01 -3.957662e-03) (6.612929e-06 -2.775735e-03 -3.275278e-05)) ((-1.531287e-04 -5.841607e-02 -7.752133e-05) (-9.918886e-07 -2.062906e-04 9.695982e-07))
0.0009375     	((-6.094052e-04 5.431654e-01 -4.769380e-03) (5.623692e-06 -2.783884e-03 -2.982392e-05)) ((-1.416043e-04 -5.799471e-02 -1.120335e-04) (-1.044608e-06 -2.061731e-04 7.678669e-07))
0.000975      	((-6.002011e-04 5.401279e-01 -5.420457e-03) (4.651058e-06 -2.791020e-03 -2.699189e-05)) ((-1.323293e-04 -5.758809e-02 -1.414582e-04) (-1.099509e-06 -2.060024e-04 5.746361e-07))
0.0010125     	((-6.670385e-04 5.372720e-01 -5.987306e-03) (3.739699e-06 -2.797167e-03 -2.439215e-05)) ((-1.257308e-04 -5.719111e-02 -1.689518e-04) (-1.151799e-06 -2.057940e-04 3.868415e-07))
0.00105       	((-8.012465e-04 5.346442e-01 -6.457291e-03) (2.858419e-06 -2.802430e-03 -2.197276e-05)) ((-1.232363e-04 -5.681986e-02 -1.947571e-04) (-1.200956e-06 -2.055523e-04 2.055270e-07))
0.0010875     	((-8.309638e-04 5.320775e-01 -6.792220e-03) (2.004532e-06 -2.806903e-03 -1.968540e-05)) ((-1.199257e-04 -5.646586e-02 -2.139671e-04) (-1.247963e-06 -2.052752e-04 3.158034e-08))
0.001125      	((-8.338184e-04 5.295355e-01 -7.106510e-03) (1.195336e-06 -2.810680e-03 -1.751600e-05)) ((-1.148363e-04 -5.612427e-02 -2.312800e-04) (-1.295529e-06 -2.049691e-04 -1.326977e-07))
0.0011625     	((-8.655672e-04 5.269727e-01 -7.258343e-03) (4.257567e-07 -2.813842e-03 -1.541532e-05)) ((-1.102839e-04 -5.578827e-02 -2.414131e-04) (-1.344648e-06 -2.046349e-04 -2.860813e-07))
0.0012        	((-9.437569e-04 5.243188e-01 -7.253403e-03) (-2.790164e-07 -2.816403e-03 -1.339927e-05)) ((-1.077185e-04 -5.545147e-02 -2.453927e-04) (-1.392972e-06 -2.042793e-04 -4.295817e-07))
0.0012375     	((-1.062071e-03 5.217557e-01 -7.289999e-03) (-9.285058e-07 -2.818399e-03 -1.150139e-05)) ((-1.054856e-04 -5.512593e-02 -2.494962e-04) (-1.439141e-06 -2.039077e-04 -5.656657e-07))
0.001275      	((-1.326037e-03 5.192166e-01 -7.328700e-03) (-1.548671e-06 -2.819883e-03 -9.698557e-06)) ((-1.082036e-04 -5.480546e-02 -2.553278e-04) (-1.483613e-06 -2.035220e-04 -6.946724e-07))
0.0013125     	((-1.565758e-03 5.167686e-01 -7.285822e-03) (-2.148750e-06 -2.820869e-03 -7.985078e-06)) ((-1.108147e-04 -5.449131e-02 -2.575608e-04) (-1.527252e-06 -2.031285e-04 -8.158278e-07))
0.00135       	((-1.760331e-03 5.144883e-01 -7.200513e-03) (-2.731729e-06 -2.821412e-03 -6.346649e-06)) ((-1.160486e-04 -5.419511e-02 -2.568399e-04) (-1.569169e-06 -2.027237e-04 -9.282120e-07))
0.0013875     	((-1.935107e-03 5.122516e-01 -7.117343e-03) (-3.315369e-06 -2.821563e-03 -4.809540e-06)) ((-1.220706e-04 -5.390694e-02 -2.560446e-04) (-1.609753e-06 -2.023076e-04 -1.031829e-06))
0.001425      	((-2.021257e-03 5.100348e-01 -7.056089e-03) (-3.875564e-06 -2.821357e-03 -3.344070e-06)) ((-1.254802e-04 -5.362457e-02 -2.556300e-04) (-1.648713e-06 -2.018795e-04 -1.124708e-06))
0.0014625     	((-2.056576e-03 5.078375e-01 -6.980329e-03) (-4.326327e-06 -2.820877e-03 -1.954954e-06)) ((-1.255965e-04 -5.334962e-02 -2.543499e-04) (-1.685581e-06 -2.014383e-04 -1.205284e-06))
0.0015        	((-2.020039e-03 5.056825e-01 -6.903943e-03) (-4.768544e-06 -2.820081e-03 -7.225322e-07)) ((-1.231717e-04 -5.308159e-02 -2.528304e-04) (-1.723539e-06 -2.009905e-04 -1.284301e-06))
0.0015375     	((-2.016865e-03 5.036511e-01 -6.836830e-03) (-5.205221e-06 -2.818978e-03 3.897096e-07)) ((-1.210467e-04 -5.282363e-02 -2.519976e-04) (-1.762819e-06 -2.005383e-04 -1.362676e-06))
0.001575      	((-2.083369e-03 5.018083e-01 -6.741953e-03) (-5.632180e-06 -2.817598e-03 1.405492e-06)) ((-1.209471e-04 -5.257808e-02 -2.507582e-04) (-1.803470e-06 -2.000824e-04 -1.439523e-06))
0.0016125     	((-2.146510e-03 5.000760e-01 -6.584595e-03) (-6.055565e-06 -2.815979e-03 2.353993e-06)) ((-1.217300e-04 -5.233935e-02 -2.476813e-04) (-1.844144e-06 -1.996225e-04 -1.512416e-06))
0.00165       	((-2.209808e-03 4.983896e-01 -6.468357e-03) (-6.481022e-06 -2.814126e-03 3.213350e-06)) ((-1.221520e-04 -5.210639e-02 -2.450359e-04) (-1.884597e-06 -1.991611e-04 -1.582300e-06))
0.0016875     	((-2.260101e-03 4.966497e-01 -6.338273e-03) (-6.939661e-06 -2.812071e-03 4.001179e-06)) ((-1.232302e-04 -5.187159e-02 -2.408868e-04) (-1.927320e-06 -1.986930e-04 -1.649725e-06))
0.001725      	((-2.318786e-03 4.949654e-01 -6.236331e-03) (-7.372869e-06 -2.809832e-03 4.730578e-06)) ((-1.245191e-04 -5.164785e-02 -2.373414e-04) (-1.969358e-06 -1.982221e-04 -1.713079e-06))
0.0017625     	((-2.399504e-03 4.932922e-01 -6.115336e-03) (-7.760428e-06 -2.807438e-03 5.420538e-06)) ((-1.265286e-04 -5.142716e-02 -2.342058e-04) (-2.009965e-06 -1.977486e-04 -1.771307e-06))
0.0018        	((-2.486920e-03 4.916525e-01 -5.982001e-03) (-8.104241e-06 -2.804898e-03 6.060828e-06)) ((-1.277938e-04 -5.120796e-02 -2.307701e-04) (-2.050022e-06 -1.972695e-04 -1.824964e-06))
0.0018375     	((-2.551312e-03 4.901513e-01 -5.847849e-03) (-8.425364e-06 -2.802232e-03 6.633091e-06)) ((-1.280355e-04 -5.099890e-02 -2.263203e-04) (-2.090176e-06 -1.967832e-04 -1.875996e-06))
0.001875      	((-2.637210e-03 4.886603e-01 -5.742863e-03) (-8.737531e-06 -2.799427e-03 7.121117e-06)) ((-1.290279e-04 -5.079322e-02 -2.233057e-04) (-2.131189e-06 -1.962948e-04 -1.925734e-06))
0.0019125     	((-2.759674e-03 4.872073e-01 -5.668169e-03) (-9.035412e-06 -2.796503e-03 7.552834e-06)) ((-1.307939e-04 -5.059440e-02 -2.208157e-04) (-2.172062e-06 -1.958037e-04 -1.973175e-06))
0.00195       	((-2.859203e-03 4.857591e-01 -5.644736e-03) (-9.328751e-06 -2.793494e-03 7.941473e-06)) ((-1.308426e-04 -5.039623e-02 -2.192039e-04) (-2.213508e-06 -1.953083e-04 -2.018106e-06))
0.0019875     	((-2.950347e-03 4.843245e-01 -5.668675e-03) (-9.612743e-06 -2.790386e-03 8.304648e-06)) ((-1.310716e-04 -5.020028e-02 -2.188809e-04) (-2.255367e-06 -1.948131e-04 -2.060812e-06))
0.002025      	((-3.005980e-03 4.828727e-01 -5.662752e-03) (-9.860847e-06 -2.787173e-03 8.633785e-06)) ((-1.303041e-04 -5.000626e-02 -2.175906e-04) (-2.296571e-06 -1.943201e-04 -2.101461e-06))
0.0020625     	((-3.021944e-03 4.814515e-01 -5.627827e-03) (-1.008369e-05 -2.783887e-03 8.942246e-06)) ((-1.290386e-04 -4.981804e-02 -2.157115e-04) (-2.337393e-06 -1.938272e-04 -2.139527e-06))
0.0021        	((-3.023522e-03 4.801025e-01 -5.538614e-03) (-1.026484e-05 -2.780513e-03 9.220228e-06)) ((-1.282735e-04 -4.963474e-02 -2.120650e-04) (-2.378157e-06 -1.933337e-04 -2.176641e-06))
0.0021375     	((-2.989236e-03 4.787681e-01 -5.477212e-03) (-1.041527e-05 -2.777077e-03 9.471554e-06)) ((-1.267726e-04 -4.945363e-02 -2.088824e-04) (-2.417795e-06 -1.928384e-04 -2.211722e-06))
0.002175      	((-2.971059e-03 4.774926e-01 -5.396641e-03) (-1.054724e-05 -2.773587e-03 9.708511e-06)) ((-1.261584e-04 -4.927759e-02 -2.044691e-04) (-2.456667e-06 -1.923413e-04 -2.244854e-06))
0.0022125     	((-3.005055e-03 4.762150e-01 -5.326672e-03) (-1.065636e-05 -2.770035e-03 9.917855e-06)) ((-1.278528e-04 -4.910253e-02 -2.000320e-04) (-2.493878e-06 -1.918453e-04 -2.275755e-06))
0.00225       	((-3.018103e-03 4.749915e-01 -5.245550e-03) (-1.075327e-05 -2.766444e-03 1.009953e-05)) ((-1.290018e-04 -4.893272e-02 -1.952334e-04) (-2.530853e-06 -1.913512e-04 -2.304409e-06))
0.0022875     	((-3.008444e-03 4.737654e-01 -5.174177e-03) (-1.082027e-05 -2.762801e-03 1.025277e-05)) ((-1.295534e-04 -4.876408e-02 -1.906808e-04) (-2.567150e-06 -1.908600e-04 -2.330885e-06))
0.002325      	((-2.988752e-03 4.725725e-01 -5.129649e-03) (-1.087398e-05 -2.759114e-03 1.037787e-05)) ((-1.303521e-04 -4.859961e-02 -1.866751e-04) (-2.602853e-06 -1.903705e-04 -2.355295e-06))
0.0023625     	((-2.938299e-03 4.714289e-01 -5.126885e-03) (-1.091164e-05 -2.755400e-03 1.050431e-05)) ((-1.295634e-04 -4.844190e-02 -1.848491e-04) (-2.638183e-06 -1.898820e-04 -2.377729e-06))
0.0024        	((-2.929504e-03 4.703024e-01 -5.132784e-03) (-1.093594e-05 -2.751650e-03 1.062641e-05)) ((-1.302511e-04 -4.828589e-02 -1.837861e-04) (-2.673066e-06 -1.893948e-04 -2.398065e-06))
0.0024375     	((-2.923191e-03 4.692217e-01 -5.154645e-03) (-1.095146e-05 -2.747868e-03 1.074120e-05)) ((-1.304342e-04 -4.813246e-02 -1.828809e-04) (-2.707375e-06 -1.889094e-04 -2.415972e-06))
0.002475      	((-2.940894e-03 4.681639e-01 -5.113848e-03) (-1.095227e-05 -2.744057e-03 1.084929e-05)) ((-1.315794e-04 -4.798200e-02 -1.792754e-04) (-2.740928e-06 -1.884248e-04 -2.431599e-06))
0.0025125     	((-2.941305e-03 4.670944e-01 -5.079283e-03) (-1.094523e-05 -2.740225e-03 1.093526e-05)) ((-1.314106e-04 -4.783130e-02 -1.765309e-04) (-2.773583e-06 -1.879411e-04 -2.445577e-06))
0.00255       	((-2.959256e-03 4.660172e-01 -5.040039e-03) (-1.092972e-05 -2.736360e-03 1.099676e-05)) ((-1.314459e-04 -4.768046e-02 -1.740587e-04) (-2.806244e-06 -1.874584e-04 -2.458010e-06))
0.0025875     	((-3.019690e-03 4.649186e-01 -5.007934e-03) (-1.091904e-05 -2.732462e-03 1.102889e-05)) ((-1.317433e-04 -4.753240e-02 -1.718607e-04) (-2.838899e-06 -1.869780e-04 -2.469911e-06))
0.002625      	((-3.041393e-03 4.637901e-01 -4.988819e-03) (-1.087737e-05 -2.728545e-03 1.102476e-05)) ((-1.305653e-04 -4.738595e-02 -1.701711e-04) (-2.869728e-06 -1.865016e-04 -2.479878e-06))
0.0026625     	((-3.041525e-03 4.626806e-01 -4.982139e-03) (-1.082979e-05 -2.724634e-03 1.097497e-05)) ((-1.289233e-04 -4.724308e-02 -1.692520e-04) (-2.900242e-06 -1.860263e-04 -2.488240e-06))
0.0027        	((-3.050033e-03 4.615836e-01 -4.976305e-03) (-1.077601e-05 -2.720703e-03 1.088805e-05)) ((-1.280379e-04 -4.710241e-02 -1.690693e-04) (-2.931473e-06 -1.855537e-04 -2.496135e-06))
0.0027375     	((-2.999510e-03 4.605516e-01 -4.910613e-03) (-1.071017e-05 -2.716763e-03 1.079029e-05)) ((-1.261746e-04 -4.696443e-02 -1.665091e-04) (-2.962187e-06 -1.850824e-04 -2.503508e-06))
0.002775      	((-2.985605e-03 4.595610e-01 -4.837172e-03) (-1.063618e-05 -2.712824e-03 1.069091e-05)) ((-1.262271e-04 -4.682823e-02 -1.636158e-04) (-2.992277e-06 -1.846115e-04 -2.509860e-06))
0.0028125     	((-2.938679e-03 4.586044e-01 -4.774215e-03) (-1.056916e-05 -2.708883e-03 1.058582e-05)) ((-1.262594e-04 -4.669303e-02 -1.607722e-04) (-3.022189e-06 -1.841413e-04 -2.515574e-06))
0.00285       	((-2.890579e-03 4.576406e-01 -4.700632e-03) (-1.053813e-05 -2.704936e-03 1.047209e-05)) ((-1.260983e-04 -4.655888e-02 -1.572331e-04) (-3.052017e-06 -1.836708e-04 -2.521303e-06))
0.0028875     	((-2.844669e-03 4.566645e-01 -4.653534e-03) (-1.052719e-05 -2.700980e-03 1.034588e-05)) ((-1.258121e-04 -4.642635e-02 -1.548032e-04) (-3.081292e-06 -1.832018e-04 -2.526529e-06))
0.002925      	((-2.818399e-03 4.556981e-01 -4.585528e-03) (-1.052011e-05 -2.697025e-03 1.021953e-05)) ((-1.258275e-04 -4.629555e-02 -1.528746e-04) (-3.109894e-06 -1.827338e-04 -2.530923e-06))
0.0029625     	((-2.784508e-03 4.547517e-01 -4.514376e-03) (-1.052177e-05 -2.693083e-03 1.009778e-05)) ((-1.250744e-04 -4.616792e-02 -1.511575e-04) (-3.138271e-06 -1.822663e-04 -2.534234e-06))
0.003         	((-2.784376e-03 4.538083e-01 -4.447237e-03) (-1.051158e-05 -2.689170e-03 1.002197e-05)) ((-1.253156e-04 -4.604200e-02 -1.498954e-04) (-3.166271e-06 -1.817976e-04 -2.535240e-06))
0.0030375     	((-2.787448e-03 4.528057e-01 -4.350497e-03) (-1.048973e-05 -2.685263e-03 9.967107e-06)) ((-1.250421e-04 -4.591547e-02 -1.479454e-04) (-3.193175e-06 -1.813293e-04 -2.535620e-06))
0.003075      	((-2.807827e-03 4.517784e-01 -4.270798e-03) (-1.046162e-05 -2.681341e-03 9.924370e-06)) ((-1.251852e-04 -4.579119e-02 -1.468793e-04) (-3.219589e-06 -1.808651e-04 -2.535661e-06))
0.0031125     	((-2.815949e-03 4.507362e-01 -4.199199e-03) (-1.042069e-05 -2.677374e-03 9.866837e-06)) ((-1.244579e-04 -4.566725e-02 -1.450428e-04) (-3.243576e-06 -1.804070e-04 -2.537521e-06))
0.00315       	((-2.805315e-03 4.497096e-01 -4.145355e-03) (-1.035511e-05 -2.673317e-03 9.785434e-06)) ((-1.233028e-04 -4.554644e-02 -1.440534e-04) (-3.263136e-06 -1.799558e-04 -2.544566e-06))
0.0031875     	((-2.788906e-03 4.486750e-01 -4.110680e-03) (-1.031424e-05 -2.669293e-03 9.750608e-06)) ((-1.217387e-04 -4.542609e-02 -1.438071e-04) (-3.283023e-06 -1.795034e-04 -2.548789e-06))
0.003225      	((-2.788720e-03 4.476607e-01 -4.073290e-03) (-1.030365e-05 -2.665315e-03 9.737106e-06)) ((-1.203663e-04 -4.530796e-02 -1.430535e-04) (-3.303602e-06 -1.790500e-04 -2.550311e-06))
0.0032625     	((-2.788026e-03 4.466730e-01 -4.048424e-03) (-1.034897e-05 -2.661402e-03 9.743332e-06)) ((-1.188821e-04 -4.518964e-02 -1.424002e-04) (-3.326124e-06 -1.785922e-04 -2.550201e-06))
0.0033        	((-2.764387e-03 4.457285e-01 -4.018340e-03) (-1.038115e-05 -2.657499e-03 9.754956e-06)) ((-1.167707e-04 -4.507202e-02 -1.409788e-04) (-3.347089e-06 -1.781368e-04 -2.548549e-06))
0.0033375     	((-2.719255e-03 4.448329e-01 -3.986730e-03) (-1.040703e-05 -2.653590e-03 9.776788e-06)) ((-1.143387e-04 -4.495653e-02 -1.393995e-04) (-3.367671e-06 -1.776850e-04 -2.546213e-06))
0.003375      	((-2.645230e-03 4.439745e-01 -3.946379e-03) (-1.042811e-05 -2.649670e-03 9.803405e-06)) ((-1.115027e-04 -4.484347e-02 -1.374305e-04) (-3.388401e-06 -1.772373e-04 -2.543248e-06))
0.0034125     	((-2.561010e-03 4.431391e-01 -3.862452e-03) (-1.044888e-05 -2.645757e-03 9.838207e-06)) ((-1.080607e-04 -4.473303e-02 -1.342247e-04) (-3.409694e-06 -1.767918e-04 -2.539731e-06))
0.00345       	((-2.493480e-03 4.422969e-01 -3.802870e-03) (-1.046859e-05 -2.641851e-03 9.870122e-06)) ((-1.053366e-04 -4.462312e-02 -1.318233e-04) (-3.430594e-06 -1.763488e-04 -2.535686e-06))
0.0034875     	((-2.425617e-03 4.414490e-01 -3.755790e-03) (-1.047815e-05 -2.637945e-03 9.908297e-06)) ((-1.028177e-04 -4.451366e-02 -1.298252e-04) (-3.451010e-06 -1.759059e-04 -2.531157e-06))
0.003525      	((-2.374641e-03 4.405848e-01 -3.724407e-03) (-1.047898e-05 -2.634045e-03 9.952912e-06)) ((-1.007621e-04 -4.440450e-02 -1.281577e-04) (-3.471368e-06 -1.754657e-04 -2.525750e-06))
0.0035625     	((-2.337721e-03 4.396935e-01 -3.693222e-03) (-1.047590e-05 -2.630163e-03 1.000523e-05)) ((-9.908120e-05 -4.429442e-02 -1.265490e-04) (-3.490925e-06 -1.750278e-04 -2.519547e-06))
0.0036        	((-2.309077e-03 4.387711e-01 -3.657462e-03) (-1.046083e-05 -2.626305e-03 1.004031e-05)) ((-9.757575e-05 -4.418375e-02 -1.254958e-04) (-3.510777e-06 -1.745928e-04 -2.512866e-06))
0.0036375     	((-2.275158e-03 4.378180e-01 -3.636517e-03) (-1.044178e-05 -2.622467e-03 1.007026e-05)) ((-9.621674e-05 -4.407249e-02 -1.248734e-04) (-3.531028e-06 -1.741599e-04 -2.506188e-06))
0.003675      	((-2.244804e-03 4.368364e-01 -3.633231e-03) (-1.041290e-05 -2.618660e-03 1.009708e-05)) ((-9.484689e-05 -4.396239e-02 -1.242258e-04) (-3.551704e-06 -1.737290e-04 -2.499379e-06))
0.0037125     	((-2.209243e-03 4.358390e-01 -3.642962e-03) (-1.038160e-05 -2.614884e-03 1.013078e-05)) ((-9.336005e-05 -4.385195e-02 -1.240114e-04) (-3.572157e-06 -1.732992e-04 -2.491800e-06))
0.00375       	((-2.172165e-03 4.348418e-01 -3.646556e-03) (-1.034754e-05 -2.611139e-03 1.016842e-05)) ((-9.183334e-05 -4.374280e-02 -1.240565e-04) (-3.592544e-06 -1.728706e-04 -2.483330e-06))
0.0037875     	((-2.137099e-03 4.338569e-01 -3.620784e-03) (-1.032190e-05 -2.607416e-03 1.021010e-05)) ((-9.027585e-05 -4.363420e-02 -1.236974e-04) (-3.612778e-06 -1.724435e-04 -2.474647e-06))
0.003825      	((-2.117356e-03 4.328843e-01 -3.594311e-03) (-1.029317e-05 -2.603706e-03 1.025403e-05)) ((-8.910227e-05 -4.352631e-02 -1.234620e-04) (-3.632964e-06 -1.720183e-04 -2.466177e-06))
0.0038625     	((-2.090017e-03 4.319198e-01 -3.573225e-03) (-1.027313e-05 -2.600019e-03 1.030409e-05)) ((-8.760885e-05 -4.341840e-02 -1.238575e-04) (-3.653261e-06 -1.715930e-04 -2.457401e-06))
0.0039        	((-2.079001e-03 4.309777e-01 -3.555760e-03) (-1.023307e-05 -2.596348e-03 1.036335e-05)) ((-8.669010e-05 -4.331349e-02 -1.241526e-04) (-3.672523e-06 -1.711695e-04 -2.447818e-06))
0.00394286    	((-2.105818e-03 4.255409e-01 -3.653088e-03) (-1.013384e-05 -2.592127e-03 1.056714e-05)) ((-8.124908e-05 -4.271964e-02 -1.300814e-04) (-3.690682e-06 -1.707202e-04 -2.428261e-06))
0.00398571    	((-2.106468e-03 4.231290e-01 -3.694103e-03) (-1.000759e-05 -2.587894e-03 1.081683e-05)) ((-7.742329e-05 -4.244404e-02 -1.320342e-04) (-3.706835e-06 -1.702862e-04 -2.405632e-06))
0.00402857    	((-2.077429e-03 4.218943e-01 -3.734398e-03) (-9.881496e-06 -2.583656e-03 1.103119e-05)) ((-7.369804e-05 -4.229926e-02 -1.329003e-04) (-3.722603e-06 -1.698564e-04 -2.383273e-06))
0.00407143    	((-2.068061e-03 4.210856e-01 -3.771006e-03) (-9.786141e-06 -2.579437e-03 1.116846e-05)) ((-7.158682e-05 -4.220490e-02 -1.334634e-04) (-3.739347e-06 -1.694226e-04 -2.362215e-06))
0.00411429    	((-2.068407e-03 4.203523e-01 -3.821311e-03) (-9.677190e-06 -2.575241e-03 1.125596e-05)) ((-7.054015e-05 -4.212368e-02 -1.352388e-04) (-3.755074e-06 -1.689854e-04 -2.342812e-06))
0.00415714    	((-2.061139e-03 4.195714e-01 -3.863898e-03) (-9.568177e-06 -2.571068e-03 1.130317e-05)) ((-6.983359e-05 -4.204192e-02 -1.375701e-04) (-3.769989e-06 -1.685449e-04 -2.324787e-06))
0.0042        	((-2.061345e-03 4.187300e-01 -3.914849e-03) (-9.448326e-06 -2.566932e-03 1.132028e-05)) ((-6.933695e-05 -4.195555e-02 -1.401762e-04) (-3.784156e-06 -1.681005e-04 -2.307929e-06))
0.00424286    	((-2.045239e-03 4.178563e-01 -3.951170e-03) (-9.313201e-06 -2.562835e-03 1.131517e-05)) ((-6.826412e-05 -4.186518e-02 -1.425157e-04) (-3.798177e-06 -1.676535e-04 -2.292035e-06))
0.00428571    	((-2.021657e-03 4.169832e-01 -3.978237e-03) (-9.172079e-06 -2.558781e-03 1.129306e-05)) ((-6.693282e-05 -4.177279e-02 -1.444277e-04) (-3.812637e-06 -1.672043e-04 -2.276630e-06))
0.00432857    	((-1.985283e-03 4.161069e-01 -3.987298e-03) (-9.011847e-06 -2.554784e-03 1.127014e-05)) ((-6.499349e-05 -4.167911e-02 -1.457401e-04) (-3.827757e-06 -1.667507e-04 -2.260338e-06))
0.00437143    	((-1.963660e-03 4.152220e-01 -3.991492e-03) (-8.835913e-06 -2.550831e-03 1.122478e-05)) ((-6.291174e-05 -4.158388e-02 -1.467157e-04) (-3.842798e-06 -1.662951e-04 -2.244472e-06))
0.00441429    	((-1.938771e-03 4.143481e-01 -4.004308e-03) (-8.645104e-06 -2.546920e-03 1.116121e-05)) ((-6.038057e-05 -4.148787e-02 -1.484121e-04) (-3.857223e-06 -1.658377e-04 -2.228905e-06))
0.00445714    	((-1.925505e-03 4.134734e-01 -4.027146e-03) (-8.452327e-06 -2.543055e-03 1.109447e-05)) ((-5.805182e-05 -4.139156e-02 -1.504493e-04) (-3.869844e-06 -1.653811e-04 -2.214017e-06))
0.0045        	((-1.890082e-03 4.125941e-01 -4.043048e-03) (-8.267115e-06 -2.539278e-03 1.105159e-05)) ((-5.527692e-05 -4.129499e-02 -1.513832e-04) (-3.883691e-06 -1.649225e-04 -2.194794e-06))
0.00454286    	((-1.849487e-03 4.117212e-01 -4.028239e-03) (-8.089883e-06 -2.535573e-03 1.102745e-05)) ((-5.262051e-05 -4.119971e-02 -1.507382e-04) (-3.897916e-06 -1.644650e-04 -2.172656e-06))
0.00458571    	((-1.795343e-03 4.108495e-01 -4.017083e-03) (-7.895296e-06 -2.531887e-03 1.098783e-05)) ((-4.964254e-05 -4.110433e-02 -1.502568e-04) (-3.911189e-06 -1.640100e-04 -2.150776e-06))
0.00462857    	((-1.740758e-03 4.099738e-01 -4.019111e-03) (-7.678836e-06 -2.528206e-03 1.093777e-05)) ((-4.696392e-05 -4.100898e-02 -1.499567e-04) (-3.923425e-06 -1.635581e-04 -2.129830e-06))
0.00467143    	((-1.683199e-03 4.091097e-01 -4.009290e-03) (-7.475243e-06 -2.524526e-03 1.088290e-05)) ((-4.444771e-05 -4.091454e-02 -1.495167e-04) (-3.935309e-06 -1.631092e-04 -2.109660e-06))
0.00471429    	((-1.627268e-03 4.082671e-01 -3.982941e-03) (-7.284216e-06 -2.520854e-03 1.083335e-05)) ((-4.259045e-05 -4.082177e-02 -1.484403e-04) (-3.947055e-06 -1.626640e-04 -2.089654e-06))
0.00475714    	((-1.572823e-03 4.074383e-01 -3.994420e-03) (-7.119422e-06 -2.517210e-03 1.079399e-05)) ((-3.998538e-05 -4.073150e-02 -1.481323e-04) (-3.958729e-06 -1.622219e-04 -2.070534e-06))
0.0048        	((-1.542619e-03 4.065911e-01 -4.008394e-03) (-7.015062e-06 -2.513597e-03 1.076367e-05)) ((-3.823027e-05 -4.063964e-02 -1.481578e-04) (-3.971518e-06 -1.617849e-04 -2.052830e-06))
0.00484286    	((-1.526339e-03 4.057294e-01 -4.023134e-03) (-6.962341e-06 -2.510002e-03 1.075303e-05)) ((-3.685951e-05 -4.054702e-02 -1.485527e-04) (-3.985555e-06 -1.613541e-04 -2.034913e-06))
0.00488571    	((-1.509517e-03 4.048628e-01 -4.038586e-03) (-6.930897e-06 -2.506464e-03 1.075296e-05)) ((-3.583304e-05 -4.045433e-02 -1.486590e-04) (-4.000091e-06 -1.609240e-04 -2.017969e-06))
0.00492857    	((-1.487784e-03 4.039907e-01 -4.067083e-03) (-6.892268e-06 -2.502973e-03 1.072572e-05)) ((-3.475116e-05 -4.036055e-02 -1.497365e-04) (-4.014988e-06 -1.604941e-04 -2.003004e-06))
0.00497143    	((-1.475155e-03 4.031191e-01 -4.110754e-03) (-6.860080e-06 -2.499528e-03 1.067731e-05)) ((-3.429160e-05 -4.026633e-02 -1.514934e-04) (-4.030100e-06 -1.600658e-04 -1.989895e-06))
0.00501429    	((-1.470021e-03 4.022566e-01 -4.174165e-03) (-6.844456e-06 -2.496145e-03 1.060047e-05)) ((-3.393277e-05 -4.017261e-02 -1.540752e-04) (-4.045489e-06 -1.596378e-04 -1.978873e-06))
0.00505714    	((-1.461585e-03 4.013945e-01 -4.243074e-03) (-6.852270e-06 -2.492824e-03 1.049727e-05)) ((-3.343095e-05 -4.007910e-02 -1.573135e-04) (-4.061019e-06 -1.592104e-04 -1.970350e-06))
0.0051        	((-1.460293e-03 4.005529e-01 -4.308658e-03) (-6.865179e-06 -2.489541e-03 1.042382e-05)) ((-3.318356e-05 -3.998704e-02 -1.610405e-04) (-4.076211e-06 -1.587886e-04 -1.962401e-06))
0.00514286    	((-1.448284e-03 3.997276e-01 -4.356409e-03) (-6.886187e-06 -2.486298e-03 1.036798e-05)) ((-3.286026e-05 -3.989639e-02 -1.638165e-04) (-4.092246e-06 -1.583695e-04 -1.952999e-06))
0.00518571    	((-1.416551e-03 3.988995e-01 -4.383084e-03) (-6.917724e-06 -2.483094e-03 1.035791e-05)) ((-3.228449e-05 -3.980542e-02 -1.651136e-04) (-4.109253e-06 -1.579540e-04 -1.941351e-06))
0.00522857    	((-1.376702e-03 3.980838e-01 -4.401442e-03) (-6.944404e-06 -2.479890e-03 1.034533e-05)) ((-3.167036e-05 -3.971623e-02 -1.656474e-04) (-4.125459e-06 -1.575416e-04 -1.927722e-06))
0.00527143    	((-1.342424e-03 3.972578e-01 -4.396270e-03) (-6.969420e-06 -2.476720e-03 1.038188e-05)) ((-3.109141e-05 -3.962650e-02 -1.650356e-04) (-4.142193e-06 -1.571311e-04 -1.910393e-06))
0.00531429    	((-1.330714e-03 3.964127e-01 -4.374575e-03) (-6.979386e-06 -2.473624e-03 1.046207e-05)) ((-3.079296e-05 -3.953564e-02 -1.639595e-04) (-4.158937e-06 -1.567204e-04 -1.888996e-06))
0.00535714    	((-1.349717e-03 3.955707e-01 -4.343914e-03) (-7.001039e-06 -2.470540e-03 1.053991e-05)) ((-3.084634e-05 -3.944622e-02 -1.628447e-04) (-4.174859e-06 -1.563172e-04 -1.868175e-06))
0.0054        	((-1.363547e-03 3.947375e-01 -4.322314e-03) (-6.990616e-06 -2.467432e-03 1.060629e-05)) ((-3.080682e-05 -3.935752e-02 -1.622704e-04) (-4.189309e-06 -1.559223e-04 -1.846128e-06))
0.00544286    	((-1.366487e-03 3.939189e-01 -4.276170e-03) (-6.948896e-06 -2.464368e-03 1.067140e-05)) ((-3.000625e-05 -3.927040e-02 -1.605308e-04) (-4.202648e-06 -1.555339e-04 -1.827650e-06))
0.00548571    	((-1.356212e-03 3.931089e-01 -4.234268e-03) (-6.891777e-06 -2.461326e-03 1.073004e-05)) ((-2.865538e-05 -3.918434e-02 -1.584255e-04) (-4.214979e-06 -1.551499e-04 -1.809520e-06))
0.00552857    	((-1.335924e-03 3.923198e-01 -4.202894e-03) (-6.824909e-06 -2.458312e-03 1.078125e-05)) ((-2.684241e-05 -3.910094e-02 -1.567552e-04) (-4.226720e-06 -1.547695e-04 -1.791970e-06))
0.00557143    	((-1.307798e-03 3.915325e-01 -4.184278e-03) (-6.752967e-06 -2.455326e-03 1.081705e-05)) ((-2.476776e-05 -3.901816e-02 -1.555082e-04) (-4.238282e-06 -1.543919e-04 -1.774614e-06))
0.00561429    	((-1.280908e-03 3.907319e-01 -4.171172e-03) (-6.674542e-06 -2.452371e-03 1.084888e-05)) ((-2.298405e-05 -3.893405e-02 -1.545998e-04) (-4.249477e-06 -1.540173e-04 -1.757664e-06))
0.00565714    	((-1.255539e-03 3.899250e-01 -4.152514e-03) (-6.580933e-06 -2.449451e-03 1.087710e-05)) ((-2.138260e-05 -3.884910e-02 -1.538302e-04) (-4.259877e-06 -1.536446e-04 -1.741251e-06))
0.0057        	((-1.248060e-03 3.891345e-01 -4.133581e-03) (-6.474439e-06 -2.446568e-03 1.090448e-05)) ((-2.028965e-05 -3.876585e-02 -1.532797e-04) (-4.269909e-06 -1.532746e-04 -1.725004e-06))
0.00574286    	((-1.235096e-03 3.883557e-01 -4.114365e-03) (-6.367446e-06 -2.443719e-03 1.093387e-05)) ((-1.892058e-05 -3.868367e-02 -1.527206e-04) (-4.279792e-06 -1.529079e-04 -1.709318e-06))
0.00578571    	((-1.236987e-03 3.875891e-01 -4.094717e-03) (-6.254188e-06 -2.440908e-03 1.096283e-05)) ((-1.797417e-05 -3.860215e-02 -1.518962e-04) (-4.289499e-06 -1.525431e-04 -1.693964e-06))
0.00582857    	((-1.224052e-03 3.868318e-01 -4.081213e-03) (-6.130766e-06 -2.438124e-03 1.099560e-05)) ((-1.655633e-05 -3.852104e-02 -1.512778e-04) (-4.298990e-06 -1.521813e-04 -1.678353e-06))
0.00587143    	((-1.201616e-03 3.860777e-01 -4.077505e-03) (-6.007893e-06 -2.435374e-03 1.103101e-05)) ((-1.503159e-05 -3.844015e-02 -1.506281e-04) (-4.307862e-06 -1.518234e-04 -1.662780e-06))
0.00591429    	((-1.200854e-03 3.853214e-01 -4.061050e-03) (-5.876222e-06 -2.432653e-03 1.106330e-05)) ((-1.429363e-05 -3.835942e-02 -1.498846e-04) (-4.316006e-06 -1.514691e-04 -1.647377e-06))
0.00595714    	((-1.195919e-03 3.845684e-01 -4.036705e-03) (-5.728849e-06 -2.429955e-03 1.109330e-05)) ((-1.330582e-05 -3.827859e-02 -1.486613e-04) (-4.323080e-06 -1.511191e-04 -1.632204e-06))
0.006         	((-1.195078e-03 3.838287e-01 -3.994986e-03) (-5.578476e-06 -2.427293e-03 1.111852e-05)) ((-1.239030e-05 -3.819819e-02 -1.472546e-04) (-4.330071e-06 -1.507720e-04 -1.617196e-06))
0.00604286    	((-1.183444e-03 3.831080e-01 -3.952487e-03) (-5.477070e-06 -2.424600e-03 1.114011e-05)) ((-1.105671e-05 -3.811942e-02 -1.459364e-04) (-4.341741e-06 -1.504316e-04 -1.600223e-06))
0.00608571    	((-1.185414e-03 3.823963e-01 -3.931825e-03) (-5.374287e-06 -2.421920e-03 1.114673e-05)) ((-1.011820e-05 -3.804197e-02 -1.452324e-04) (-4.354424e-06 -1.500944e-04 -1.583236e-06))
0.00612857    	((-1.193593e-03 3.816875e-01 -3.912032e-03) (-5.242175e-06 -2.419281e-03 1.113086e-05)) ((-9.255590e-06 -3.796575e-02 -1.444347e-04) (-4.364892e-06 -1.497603e-04 -1.568171e-06))
0.00617143    	((-1.221582e-03 3.809983e-01 -3.881688e-03) (-5.072877e-06 -2.416685e-03 1.108748e-05)) ((-9.461751e-06 -3.789065e-02 -1.436323e-04) (-4.372882e-06 -1.494278e-04 -1.554851e-06))
0.00621429    	((-1.217530e-03 3.803103e-01 -3.864245e-03) (-4.883338e-06 -2.414139e-03 1.103667e-05)) ((-8.315586e-06 -3.781525e-02 -1.428212e-04) (-4.379332e-06 -1.490965e-04 -1.542172e-06))
0.00625714    	((-1.218644e-03 3.796122e-01 -3.872610e-03) (-4.693319e-06 -2.411625e-03 1.099456e-05)) ((-6.776001e-06 -3.773857e-02 -1.430659e-04) (-4.385904e-06 -1.487684e-04 -1.529557e-06))
0.0063        	((-1.227511e-03 3.788954e-01 -3.884065e-03) (-4.503444e-06 -2.409145e-03 1.096342e-05)) ((-5.735582e-06 -3.766071e-02 -1.434385e-04) (-4.392534e-06 -1.484435e-04 -1.516945e-06))
0.00634286    	((-1.237438e-03 3.781724e-01 -3.901827e-03) (-4.310498e-06 -2.406703e-03 1.093874e-05)) ((-5.047857e-06 -3.758219e-02 -1.438843e-04) (-4.399121e-06 -1.481216e-04 -1.504495e-06))
0.00638571    	((-1.238025e-03 3.774648e-01 -3.917383e-03) (-4.110811e-06 -2.404296e-03 1.092133e-05)) ((-4.375766e-06 -3.750503e-02 -1.442987e-04) (-4.405407e-06 -1.478032e-04 -1.492041e-06))
0.00642857    	((-1.234417e-03 3.767552e-01 -3.918775e-03) (-3.904192e-06 -2.401920e-03 1.090885e-05)) ((-3.815274e-06 -3.742869e-02 -1.439576e-04) (-4.411493e-06 -1.474880e-04 -1.479601e-06))
0.00647143    	((-1.225749e-03 3.760468e-01 -3.901946e-03) (-3.692329e-06 -2.399575e-03 1.089973e-05)) ((-3.009988e-06 -3.735322e-02 -1.430992e-04) (-4.417409e-06 -1.471761e-04 -1.467045e-06))
0.00651429    	((-1.232654e-03 3.753463e-01 -3.867941e-03) (-3.476722e-06 -2.397252e-03 1.088353e-05)) ((-2.833903e-06 -3.727867e-02 -1.418857e-04) (-4.423351e-06 -1.468679e-04 -1.455063e-06))
0.00655714    	((-1.226822e-03 3.746534e-01 -3.840735e-03) (-3.260580e-06 -2.394937e-03 1.084875e-05)) ((-2.442945e-06 -3.720539e-02 -1.408281e-04) (-4.429927e-06 -1.465649e-04 -1.444545e-06))
0.0066        	((-1.212642e-03 3.739644e-01 -3.823984e-03) (-3.043335e-06 -2.392655e-03 1.081740e-05)) ((-1.734982e-06 -3.713282e-02 -1.403589e-04) (-4.436510e-06 -1.462651e-04 -1.433800e-06))
0.00664286    	((-1.190717e-03 3.732720e-01 -3.805534e-03) (-2.822183e-06 -2.390405e-03 1.079262e-05)) ((-8.923376e-07 -3.706027e-02 -1.398405e-04) (-4.442802e-06 -1.459685e-04 -1.422645e-06))
0.00668571    	((-1.170262e-03 3.725703e-01 -3.786681e-03) (-2.596257e-06 -2.388186e-03 1.077246e-05)) ((-1.791093e-07 -3.698693e-02 -1.392079e-04) (-4.448818e-06 -1.456752e-04 -1.411233e-06))
0.00672857    	((-1.148415e-03 3.718803e-01 -3.767082e-03) (-2.364910e-06 -2.385999e-03 1.075427e-05)) ((2.788961e-07 -3.691411e-02 -1.382891e-04) (-4.454454e-06 -1.453851e-04 -1.399588e-06))
0.00677143    	((-1.109832e-03 3.711857e-01 -3.736803e-03) (-2.126776e-06 -2.383844e-03 1.074134e-05)) ((8.559363e-07 -3.684120e-02 -1.369850e-04) (-4.459675e-06 -1.450982e-04 -1.387687e-06))
0.00681429    	((-1.086096e-03 3.705015e-01 -3.716437e-03) (-1.884756e-06 -2.381720e-03 1.072977e-05)) ((1.754005e-06 -3.676941e-02 -1.361916e-04) (-4.464545e-06 -1.448143e-04 -1.375739e-06))
0.00685714    	((-1.078612e-03 3.698198e-01 -3.698795e-03) (-1.649156e-06 -2.379623e-03 1.071288e-05)) ((2.216478e-06 -3.669806e-02 -1.356527e-04) (-4.469445e-06 -1.445337e-04 -1.364282e-06))
0.0069        	((-1.067457e-03 3.691249e-01 -3.698687e-03) (-1.415444e-06 -2.377553e-03 1.069272e-05)) ((2.019814e-06 -3.662560e-02 -1.354048e-04) (-4.474229e-06 -1.442561e-04 -1.353325e-06))
0.00694286    	((-1.042230e-03 3.684363e-01 -3.702469e-03) (-1.190317e-06 -2.375514e-03 1.066736e-05)) ((1.758644e-06 -3.655384e-02 -1.353812e-04) (-4.478847e-06 -1.439815e-04 -1.342732e-06))
0.00698571    	((-1.008550e-03 3.677525e-01 -3.698011e-03) (-9.711971e-07 -2.373507e-03 1.063625e-05)) ((1.597418e-06 -3.648387e-02 -1.352614e-04) (-4.483553e-06 -1.437097e-04 -1.332669e-06))
0.00702857    	((-9.666125e-04 3.670755e-01 -3.686844e-03) (-7.674576e-07 -2.371541e-03 1.060093e-05)) ((1.867407e-06 -3.641516e-02 -1.350291e-04) (-4.488561e-06 -1.434406e-04 -1.323297e-06))
0.00707143    	((-9.422517e-04 3.663922e-01 -3.674059e-03) (-5.883534e-07 -2.369631e-03 1.056379e-05)) ((1.392045e-06 -3.634551e-02 -1.343527e-04) (-4.495254e-06 -1.431731e-04 -1.315024e-06))
0.00711429    	((-9.346432e-04 3.657198e-01 -3.664543e-03) (-3.963142e-07 -2.367742e-03 1.052816e-05)) ((8.133467e-07 -3.627701e-02 -1.339415e-04) (-4.501526e-06 -1.429110e-04 -1.306745e-06))
0.00715714    	((-9.374475e-04 3.650571e-01 -3.654452e-03) (-1.937556e-07 -2.365875e-03 1.049071e-05)) ((2.533247e-07 -3.620977e-02 -1.334803e-04) (-4.507592e-06 -1.426541e-04 -1.298554e-06))
0.0072        	((-9.470687e-04 3.644060e-01 -3.647016e-03) (1.220978e-08 -2.364033e-03 1.045392e-05)) ((-1.468070e-07 -3.614389e-02 -1.330848e-04) (-4.513508e-06 -1.424015e-04 -1.290757e-06))
0.00724286    	((-9.640592e-04 3.637609e-01 -3.658087e-03) (2.218279e-07 -2.362216e-03 1.041025e-05)) ((-7.229587e-07 -3.607853e-02 -1.334060e-04) (-4.519432e-06 -1.421524e-04 -1.283424e-06))
0.00728571    	((-9.936955e-04 3.631167e-01 -3.678559e-03) (4.324959e-07 -2.360424e-03 1.035974e-05)) ((-1.365366e-06 -3.601341e-02 -1.342029e-04) (-4.525680e-06 -1.419064e-04 -1.276733e-06))
0.00732857    	((-1.041494e-03 3.624696e-01 -3.709005e-03) (6.429004e-07 -2.358663e-03 1.030268e-05)) ((-2.407871e-06 -3.594843e-02 -1.353232e-04) (-4.532126e-06 -1.416633e-04 -1.270567e-06))
0.00737143    	((-1.084730e-03 3.618120e-01 -3.734152e-03) (8.549545e-07 -2.356931e-03 1.024198e-05)) ((-3.592234e-06 -3.588271e-02 -1.363884e-04) (-4.538698e-06 -1.414232e-04 -1.264801e-06))
0.00741429    	((-1.113476e-03 3.611662e-01 -3.753585e-03) (1.066782e-06 -2.355228e-03 1.017849e-05)) ((-4.569023e-06 -3.581742e-02 -1.375329e-04) (-4.545455e-06 -1.411860e-04 -1.259449e-06))
0.00745714    	((-1.151360e-03 3.605306e-01 -3.772787e-03) (1.276405e-06 -2.353553e-03 1.011839e-05)) ((-6.108599e-06 -3.575266e-02 -1.390217e-04) (-4.552542e-06 -1.409521e-04 -1.254345e-06))
0.0075        	((-1.165583e-03 3.599088e-01 -3.822379e-03) (1.484951e-06 -2.351908e-03 1.006644e-05)) ((-6.687681e-06 -3.568958e-02 -1.414625e-04) (-4.559811e-06 -1.407215e-04 -1.249421e-06))
0.00754286    	((-1.180896e-03 3.592939e-01 -3.868554e-03) (1.690372e-06 -2.350295e-03 1.002470e-05)) ((-7.189334e-06 -3.562716e-02 -1.437448e-04) (-4.567003e-06 -1.404941e-04 -1.244385e-06))
0.00758571    	((-1.201622e-03 3.586833e-01 -3.905509e-03) (1.891822e-06 -2.348714e-03 9.995537e-06)) ((-7.938720e-06 -3.556532e-02 -1.452859e-04) (-4.574393e-06 -1.402695e-04 -1.239282e-06))
0.00762857    	((-1.232891e-03 3.580762e-01 -3.924330e-03) (2.091673e-06 -2.347166e-03 9.967980e-06)) ((-9.418586e-06 -3.550323e-02 -1.461698e-04) (-4.582481e-06 -1.400474e-04 -1.234843e-06))
0.00767143    	((-1.271758e-03 3.574695e-01 -3.939435e-03) (2.290588e-06 -2.345650e-03 9.935944e-06)) ((-1.118971e-05 -3.544098e-02 -1.468769e-04) (-4.591172e-06 -1.398280e-04 -1.231025e-06))
0.00771429    	((-1.316045e-03 3.568694e-01 -3.954248e-03) (2.491445e-06 -2.344172e-03 9.896646e-06)) ((-1.295048e-05 -3.537923e-02 -1.475533e-04) (-4.599773e-06 -1.396113e-04 -1.227968e-06))
0.00775714    	((-1.352437e-03 3.562661e-01 -3.982069e-03) (2.706920e-06 -2.342737e-03 9.845539e-06)) ((-1.436531e-05 -3.531727e-02 -1.488291e-04) (-4.607363e-06 -1.393973e-04 -1.225532e-06))
0.0078        	((-1.380355e-03 3.556668e-01 -4.012324e-03) (2.911569e-06 -2.341329e-03 9.780416e-06)) ((-1.555166e-05 -3.525656e-02 -1.504949e-04) (-4.615369e-06 -1.391877e-04 -1.224573e-06))
0.00784286    	((-1.393874e-03 3.550777e-01 -4.040649e-03) (3.108546e-06 -2.339948e-03 9.699383e-06)) ((-1.674251e-05 -3.519804e-02 -1.518751e-04) (-4.623781e-06 -1.389820e-04 -1.225416e-06))
0.00788571    	((-1.388753e-03 3.545077e-01 -4.076262e-03) (3.300875e-06 -2.338627e-03 9.618207e-06)) ((-1.773745e-05 -3.514148e-02 -1.533149e-04) (-4.632674e-06 -1.387767e-04 -1.227400e-06))
0.00792857    	((-1.396331e-03 3.539172e-01 -4.104951e-03) (3.441139e-06 -2.337403e-03 9.555454e-06)) ((-1.967436e-05 -3.508279e-02 -1.545530e-04) (-4.645038e-06 -1.385676e-04 -1.230893e-06))
0.00797143    	((-1.419659e-03 3.533070e-01 -4.164098e-03) (3.611221e-06 -2.336216e-03 9.500488e-06)) ((-2.207580e-05 -3.502187e-02 -1.570259e-04) (-4.656225e-06 -1.383627e-04 -1.235109e-06))
0.00801429    	((-1.431434e-03 3.526865e-01 -4.241684e-03) (3.832361e-06 -2.335049e-03 9.468855e-06)) ((-2.351036e-05 -3.496088e-02 -1.602516e-04) (-4.665012e-06 -1.381652e-04 -1.239309e-06))
0.00805714    	((-1.432174e-03 3.520785e-01 -4.316150e-03) (4.092811e-06 -2.333906e-03 9.454255e-06)) ((-2.364485e-05 -3.490133e-02 -1.637783e-04) (-4.671510e-06 -1.379733e-04 -1.243399e-06))
0.0081        	((-1.424040e-03 3.514824e-01 -4.380103e-03) (4.379900e-06 -2.332790e-03 9.443785e-06)) ((-2.296634e-05 -3.484321e-02 -1.671115e-04) (-4.676795e-06 -1.377860e-04 -1.247124e-06))
0.00814286    	((-1.420261e-03 3.509047e-01 -4.429169e-03) (4.687664e-06 -2.331713e-03 9.428387e-06)) ((-2.200433e-05 -3.478692e-02 -1.698229e-04) (-4.682300e-06 -1.376028e-04 -1.250793e-06))
0.00818571    	((-1.406880e-03 3.503354e-01 -4.481029e-03) (5.013570e-06 -2.330672e-03 9.407253e-06)) ((-2.038470e-05 -3.473154e-02 -1.723753e-04) (-4.687881e-06 -1.374232e-04 -1.254527e-06))
0.00822857    	((-1.400017e-03 3.497759e-01 -4.533976e-03) (5.358275e-06 -2.329661e-03 9.375418e-06)) ((-1.889434e-05 -3.467685e-02 -1.748998e-04) (-4.692158e-06 -1.372476e-04 -1.258088e-06))
0.00827143    	((-1.412820e-03 3.492247e-01 -4.580108e-03) (5.710440e-06 -2.328666e-03 9.345471e-06)) ((-1.824607e-05 -3.462300e-02 -1.771697e-04) (-4.696011e-06 -1.370765e-04 -1.261194e-06))
0.00831429    	((-1.432318e-03 3.486809e-01 -4.616562e-03) (6.054853e-06 -2.327681e-03 9.326521e-06)) ((-1.819296e-05 -3.456982e-02 -1.789138e-04) (-4.700472e-06 -1.369101e-04 -1.263694e-06))
0.00835714    	((-1.455123e-03 3.481442e-01 -4.649415e-03) (6.389129e-06 -2.326712e-03 9.307792e-06)) ((-1.838285e-05 -3.451716e-02 -1.802665e-04) (-4.705510e-06 -1.367479e-04 -1.265663e-06))
0.0084        	((-1.469801e-03 3.476116e-01 -4.682168e-03) (6.715570e-06 -2.325771e-03 9.284613e-06)) ((-1.834048e-05 -3.446476e-02 -1.816200e-04) (-4.711072e-06 -1.365896e-04 -1.267665e-06))
0.00844286    	((-1.499676e-03 3.470830e-01 -4.723232e-03) (7.032211e-06 -2.324852e-03 9.257266e-06)) ((-1.882289e-05 -3.441241e-02 -1.834366e-04) (-4.717214e-06 -1.364347e-04 -1.269525e-06))
0.00848571    	((-1.539607e-03 3.465376e-01 -4.773520e-03) (7.342307e-06 -2.323955e-03 9.230945e-06)) ((-1.921851e-05 -3.435910e-02 -1.854148e-04) (-4.723317e-06 -1.362844e-04 -1.271358e-06))
0.00852857    	((-1.596531e-03 3.459946e-01 -4.830827e-03) (7.649646e-06 -2.323090e-03 9.204039e-06)) ((-1.987847e-05 -3.430631e-02 -1.876811e-04) (-4.729660e-06 -1.361380e-04 -1.273289e-06))
0.00857143    	((-1.649253e-03 3.454568e-01 -4.878743e-03) (7.956014e-06 -2.322252e-03 9.174524e-06)) ((-2.058788e-05 -3.425433e-02 -1.892911e-04) (-4.736005e-06 -1.359958e-04 -1.275318e-06))
0.00861429    	((-1.687805e-03 3.449296e-01 -4.921509e-03) (8.265494e-06 -2.321449e-03 9.161625e-06)) ((-2.131202e-05 -3.420293e-02 -1.905836e-04) (-4.743267e-06 -1.358570e-04 -1.276800e-06))
0.00865714    	((-1.718222e-03 3.444145e-01 -4.944889e-03) (8.592594e-06 -2.320677e-03 9.167696e-06)) ((-2.223889e-05 -3.415177e-02 -1.913706e-04) (-4.751397e-06 -1.357225e-04 -1.277968e-06))
0.0087        	((-1.740685e-03 3.438960e-01 -4.949662e-03) (8.943217e-06 -2.319922e-03 9.162366e-06)) ((-2.339837e-05 -3.410030e-02 -1.915794e-04) (-4.758780e-06 -1.355943e-04 -1.279779e-06))
0.00874286    	((-1.754539e-03 3.433822e-01 -4.953474e-03) (9.288593e-06 -2.319193e-03 9.142593e-06)) ((-2.429186e-05 -3.405013e-02 -1.915929e-04) (-4.765776e-06 -1.354704e-04 -1.282150e-06))
0.00878571    	((-1.759508e-03 3.428768e-01 -4.969354e-03) (9.616962e-06 -2.318492e-03 9.111631e-06)) ((-2.472773e-05 -3.400131e-02 -1.921303e-04) (-4.772516e-06 -1.353500e-04 -1.284948e-06))
0.00882857    	((-1.769357e-03 3.423779e-01 -4.990483e-03) (9.929585e-06 -2.317824e-03 9.069322e-06)) ((-2.519341e-05 -3.395347e-02 -1.933297e-04) (-4.779142e-06 -1.352326e-04 -1.288288e-06))
0.00887143    	((-1.781195e-03 3.418806e-01 -5.014166e-03) (1.023518e-05 -2.317194e-03 9.020241e-06)) ((-2.559677e-05 -3.390629e-02 -1.946033e-04) (-4.785220e-06 -1.351181e-04 -1.291853e-06))
0.00891429    	((-1.789240e-03 3.413794e-01 -5.040955e-03) (1.052607e-05 -2.316594e-03 8.966658e-06)) ((-2.603793e-05 -3.385908e-02 -1.958781e-04) (-4.791206e-06 -1.350070e-04 -1.295573e-06))
0.00895714    	((-1.774366e-03 3.408844e-01 -5.080115e-03) (1.080485e-05 -2.316026e-03 8.910695e-06)) ((-2.628864e-05 -3.381191e-02 -1.972226e-04) (-4.797284e-06 -1.348993e-04 -1.299508e-06))
0.009         	((-1.744254e-03 3.403944e-01 -5.130585e-03) (1.107157e-05 -2.315487e-03 8.851377e-06)) ((-2.603023e-05 -3.376563e-02 -1.988648e-04) (-4.803379e-06 -1.347949e-04 -1.303489e-06))
0.00904286    	((-1.715172e-03 3.399039e-01 -5.179274e-03) (1.132409e-05 -2.314977e-03 8.785182e-06)) ((-2.597228e-05 -3.371911e-02 -2.006125e-04) (-4.809497e-06 -1.346933e-04 -1.307556e-06))
0.00908571    	((-1.687233e-03 3.394055e-01 -5.226114e-03) (1.156110e-05 -2.314494e-03 8.717600e-06)) ((-2.572415e-05 -3.367272e-02 -2.022545e-04) (-4.815766e-06 -1.345943e-04 -1.311388e-06))
0.00912857    	((-1.680551e-03 3.389094e-01 -5.264293e-03) (1.178888e-05 -2.314035e-03 8.656468e-06)) ((-2.610321e-05 -3.362669e-02 -2.036821e-04) (-4.822191e-06 -1.344991e-04 -1.314900e-06))
0.00917143    	((-1.689378e-03 3.384248e-01 -5.284451e-03) (1.201628e-05 -2.313590e-03 8.591481e-06)) ((-2.693805e-05 -3.358164e-02 -2.047522e-04) (-4.827929e-06 -1.344080e-04 -1.318041e-06))
0.00921429    	((-1.711978e-03 3.379495e-01 -5.298500e-03) (1.223288e-05 -2.313169e-03 8.521751e-06)) ((-2.790037e-05 -3.353779e-02 -2.054352e-04) (-4.833623e-06 -1.343201e-04 -1.320941e-06))
0.00925714    	((-1.744075e-03 3.374762e-01 -5.311613e-03) (1.243525e-05 -2.312781e-03 8.437035e-06)) ((-2.911815e-05 -3.349432e-02 -2.057759e-04) (-4.839034e-06 -1.342343e-04 -1.324005e-06))
0.0093        	((-1.783169e-03 3.369983e-01 -5.314478e-03) (1.263816e-05 -2.312444e-03 8.346892e-06)) ((-3.060726e-05 -3.345038e-02 -2.056831e-04) (-4.843611e-06 -1.341509e-04 -1.327629e-06))
0.00934286    	((-1.795349e-03 3.365150e-01 -5.330274e-03) (1.285864e-05 -2.312172e-03 8.236408e-06)) ((-3.067989e-05 -3.340594e-02 -2.059597e-04) (-4.846686e-06 -1.340683e-04 -1.332360e-06))
0.00938571    	((-1.792393e-03 3.360386e-01 -5.347598e-03) (1.307580e-05 -2.311934e-03 8.112405e-06)) ((-3.011855e-05 -3.336167e-02 -2.062765e-04) (-4.849504e-06 -1.339878e-04 -1.337533e-06))
0.00942857    	((-1.789082e-03 3.355516e-01 -5.363249e-03) (1.329005e-05 -2.311730e-03 7.975432e-06)) ((-2.967807e-05 -3.331643e-02 -2.067264e-04) (-4.851960e-06 -1.339099e-04 -1.342883e-06))
0.00947143    	((-1.795080e-03 3.350658e-01 -5.381518e-03) (1.350959e-05 -2.311560e-03 7.822942e-06)) ((-2.961991e-05 -3.327170e-02 -2.072977e-04) (-4.853543e-06 -1.338341e-04 -1.348600e-06))
0.00951429    	((-1.809641e-03 3.345758e-01 -5.403114e-03) (1.374366e-05 -2.311419e-03 7.664048e-06)) ((-2.953337e-05 -3.322652e-02 -2.082293e-04) (-4.853787e-06 -1.337603e-04 -1.354386e-06))
0.00955714    	((-1.828689e-03 3.340914e-01 -5.408617e-03) (1.398553e-05 -2.311321e-03 7.486032e-06)) ((-2.937125e-05 -3.318252e-02 -2.086498e-04) (-4.853732e-06 -1.336879e-04 -1.360300e-06))
0.0096        	((-1.844138e-03 3.335967e-01 -5.416914e-03) (1.422839e-05 -2.311269e-03 7.279816e-06)) ((-2.903501e-05 -3.313791e-02 -2.094315e-04) (-4.853340e-06 -1.336167e-04 -1.366408e-06))
0.00964286    	((-1.849703e-03 3.330876e-01 -5.453867e-03) (1.446295e-05 -2.311259e-03 7.054243e-06)) ((-2.864699e-05 -3.309151e-02 -2.116179e-04) (-4.852989e-06 -1.335468e-04 -1.372474e-06))
0.00968571    	((-1.862400e-03 3.325784e-01 -5.513784e-03) (1.466909e-05 -2.311273e-03 6.840038e-06)) ((-2.858639e-05 -3.304463e-02 -2.146394e-04) (-4.853552e-06 -1.334801e-04 -1.378120e-06))
0.00972857    	((-1.884114e-03 3.320752e-01 -5.573097e-03) (1.484671e-05 -2.311315e-03 6.642020e-06)) ((-2.898960e-05 -3.299844e-02 -2.174719e-04) (-4.854876e-06 -1.334172e-04 -1.383286e-06))
0.00977143    	((-1.917265e-03 3.315823e-01 -5.632260e-03) (1.499713e-05 -2.311385e-03 6.457472e-06)) ((-2.969861e-05 -3.295321e-02 -2.200651e-04) (-4.856608e-06 -1.333575e-04 -1.388079e-06))
0.00981429    	((-1.955255e-03 3.311043e-01 -5.674988e-03) (1.512670e-05 -2.311479e-03 6.279883e-06)) ((-3.067923e-05 -3.290918e-02 -2.220350e-04) (-4.858950e-06 -1.333012e-04 -1.392296e-06))
0.00985714    	((-2.007889e-03 3.306369e-01 -5.694599e-03) (1.523966e-05 -2.311598e-03 6.113362e-06)) ((-3.228804e-05 -3.286687e-02 -2.228524e-04) (-4.861786e-06 -1.332484e-04 -1.395683e-06))
0.0099        	((-2.074766e-03 3.301812e-01 -5.697343e-03) (1.536169e-05 -2.311751e-03 5.955640e-06)) ((-3.455786e-05 -3.282624e-02 -2.228448e-04) (-4.864254e-06 -1.331978e-04 -1.399058e-06))
0.00994286    	((-2.124824e-03 3.297426e-01 -5.704866e-03) (1.550052e-05 -2.311940e-03 5.806484e-06)) ((-3.690599e-05 -3.278689e-02 -2.227698e-04) (-4.866029e-06 -1.331487e-04 -1.402639e-06))
0.00998571    	((-2.143874e-03 3.293090e-01 -5.715381e-03) (1.566392e-05 -2.312167e-03 5.664934e-06)) ((-3.835035e-05 -3.274764e-02 -2.229684e-04) (-4.866646e-06 -1.331006e-04 -1.406561e-06))
0.0100286     	((-2.145215e-03 3.288748e-01 -5.723836e-03) (1.582500e-05 -2.312421e-03 5.529682e-06)) ((-3.903255e-05 -3.270808e-02 -2.229651e-04) (-4.867481e-06 -1.330552e-04 -1.410046e-06))
0.0100714     	((-2.137371e-03 3.284422e-01 -5.731172e-03) (1.598438e-05 -2.312700e-03 5.400645e-06)) ((-3.932938e-05 -3.266875e-02 -2.229912e-04) (-4.868828e-06 -1.330129e-04 -1.413139e-06))
0.0101143     	((-2.136263e-03 3.280065e-01 -5.734119e-03) (1.613569e-05 -2.312996e-03 5.281548e-06)) ((-3.947161e-05 -3.262965e-02 -2.228693e-04) (-4.871599e-06 -1.329747e-04 -1.415359e-06))
0.0101571     	((-2.160775e-03 3.275712e-01 -5.715390e-03) (1.627058e-05 -2.313308e-03 5.170448e-06)) ((-4.031546e-05 -3.259153e-02 -2.220909e-04) (-4.875929e-06 -1.329407e-04 -1.416685e-06))
0.0102        	((-2.200092e-03 3.271435e-01 -5.689524e-03) (1.638626e-05 -2.313648e-03 5.085728e-06)) ((-4.159249e-05 -3.255424e-02 -2.210275e-04) (-4.882395e-06 -1.329085e-04 -1.416617e-06))
0.0102429     	((-2.239810e-03 3.267265e-01 -5.674162e-03) (1.653116e-05 -2.314051e-03 5.021702e-06)) ((-4.288346e-05 -3.251767e-02 -2.203047e-04) (-4.886153e-06 -1.328762e-04 -1.417628e-06))
0.0102857     	((-2.259865e-03 3.262992e-01 -5.668774e-03) (1.668947e-05 -2.314484e-03 4.952629e-06)) ((-4.324633e-05 -3.247942e-02 -2.200465e-04) (-4.889749e-06 -1.328456e-04 -1.418911e-06))
0.0103286     	((-2.282798e-03 3.258711e-01 -5.665817e-03) (1.684507e-05 -2.314931e-03 4.878840e-06)) ((-4.359415e-05 -3.244091e-02 -2.199227e-04) (-4.893905e-06 -1.328181e-04 -1.420000e-06))
0.0103714     	((-2.301870e-03 3.254486e-01 -5.668037e-03) (1.695906e-05 -2.315402e-03 4.808215e-06)) ((-4.367415e-05 -3.240358e-02 -2.199410e-04) (-4.898055e-06 -1.327965e-04 -1.420833e-06))
0.0104143     	((-2.324966e-03 3.250259e-01 -5.677690e-03) (1.706210e-05 -2.315895e-03 4.734423e-06)) ((-4.382369e-05 -3.236671e-02 -2.201968e-04) (-4.902713e-06 -1.327779e-04 -1.421360e-06))
0.0104571     	((-2.343202e-03 3.246257e-01 -5.685023e-03) (1.715055e-05 -2.316415e-03 4.656451e-06)) ((-4.389965e-05 -3.233196e-02 -2.202166e-04) (-4.907602e-06 -1.327625e-04 -1.421615e-06))
0.0105        	((-2.357593e-03 3.242390e-01 -5.703142e-03) (1.723736e-05 -2.316962e-03 4.575054e-06)) ((-4.396587e-05 -3.229764e-02 -2.205818e-04) (-4.912699e-06 -1.327496e-04 -1.421647e-06))
0.0105429     	((-2.374137e-03 3.238479e-01 -5.707894e-03) (1.732302e-05 -2.317538e-03 4.490912e-06)) ((-4.424162e-05 -3.226356e-02 -2.204257e-04) (-4.917983e-06 -1.327391e-04 -1.421462e-06))
0.0105857     	((-2.401159e-03 3.234392e-01 -5.715114e-03) (1.740148e-05 -2.318142e-03 4.409392e-06)) ((-4.498537e-05 -3.222839e-02 -2.205367e-04) (-4.923509e-06 -1.327312e-04 -1.420937e-06))
0.0106286     	((-2.432092e-03 3.230430e-01 -5.728535e-03) (1.748004e-05 -2.318777e-03 4.334260e-06)) ((-4.541001e-05 -3.219420e-02 -2.208902e-04) (-4.929199e-06 -1.327252e-04 -1.420001e-06))
0.0106714     	((-2.477354e-03 3.226472e-01 -5.737672e-03) (1.756518e-05 -2.319445e-03 4.266302e-06)) ((-4.583626e-05 -3.216017e-02 -2.210711e-04) (-4.934811e-06 -1.327219e-04 -1.418862e-06))
0.0107143     	((-2.534275e-03 3.222529e-01 -5.741979e-03) (1.765792e-05 -2.320139e-03 4.205733e-06)) ((-4.675528e-05 -3.212692e-02 -2.211703e-04) (-4.940205e-06 -1.327217e-04 -1.417609e-06))
0.0107571     	((-2.584708e-03 3.218630e-01 -5.747519e-03) (1.777113e-05 -2.320862e-03 4.148969e-06)) ((-4.762673e-05 -3.209464e-02 -2.212337e-04) (-4.945669e-06 -1.327254e-04 -1.416175e-06))
0.0108        	((-2.614692e-03 3.214651e-01 -5.755870e-03) (1.788784e-05 -2.321616e-03 4.091722e-06)) ((-4.796013e-05 -3.206165e-02 -2.212683e-04) (-4.950973e-06 -1.327305e-04 -1.414659e-06))
0.0108429     	((-2.637793e-03 3.210676e-01 -5.762936e-03) (1.800531e-05 -2.322398e-03 4.033115e-06)) ((-4.833489e-05 -3.202754e-02 -2.213405e-04) (-4.956085e-06 -1.327372e-04 -1.412971e-06))
0.0108857     	((-2.670308e-03 3.206671e-01 -5.764501e-03) (1.812129e-05 -2.323208e-03 3.974781e-06)) ((-4.915979e-05 -3.199326e-02 -2.212121e-04) (-4.961118e-06 -1.327453e-04 -1.411061e-06))
0.0109286     	((-2.676315e-03 3.202783e-01 -5.759681e-03) (1.823305e-05 -2.324048e-03 3.915941e-06)) ((-4.912953e-05 -3.196035e-02 -2.206841e-04) (-4.966161e-06 -1.327550e-04 -1.408870e-06))
0.0109714     	((-2.675656e-03 3.198952e-01 -5.757658e-03) (1.834367e-05 -2.324918e-03 3.856483e-06)) ((-4.921630e-05 -3.192789e-02 -2.205110e-04) (-4.971293e-06 -1.327660e-04 -1.406283e-06))
0.0110143     	((-2.672607e-03 3.195171e-01 -5.755442e-03) (1.845241e-05 -2.325815e-03 3.793016e-06)) ((-4.997208e-05 -3.189556e-02 -2.203756e-04) (-4.976452e-06 -1.327786e-04 -1.403487e-06))
0.0110571     	((-2.662596e-03 3.191396e-01 -5.754759e-03) (1.855924e-05 -2.326738e-03 3.722299e-06)) ((-5.060272e-05 -3.186334e-02 -2.203484e-04) (-4.981760e-06 -1.327928e-04 -1.400488e-06))
0.0111        	((-2.647927e-03 3.187679e-01 -5.754586e-03) (1.866606e-05 -2.327689e-03 3.649936e-06)) ((-5.110628e-05 -3.183206e-02 -2.204881e-04) (-4.986961e-06 -1.328085e-04 -1.397232e-06))
0.0111429     	((-2.637874e-03 3.183979e-01 -5.750747e-03) (1.877099e-05 -2.328661e-03 3.584038e-06)) ((-5.167503e-05 -3.180166e-02 -2.204266e-04) (-4.991509e-06 -1.328258e-04 -1.393514e-06))
0.0111857     	((-2.632467e-03 3.180302e-01 -5.750653e-03) (1.887497e-05 -2.329662e-03 3.519220e-06)) ((-5.216909e-05 -3.177176e-02 -2.205140e-04) (-4.996094e-06 -1.328447e-04 -1.389408e-06))
0.0112286     	((-2.636940e-03 3.176582e-01 -5.757194e-03) (1.897803e-05 -2.330693e-03 3.452506e-06)) ((-5.246638e-05 -3.174155e-02 -2.207367e-04) (-5.000676e-06 -1.328651e-04 -1.384892e-06))
0.0112714     	((-2.659165e-03 3.172981e-01 -5.770200e-03) (1.907858e-05 -2.331749e-03 3.386851e-06)) ((-5.330487e-05 -3.171240e-02 -2.212838e-04) (-5.005173e-06 -1.328869e-04 -1.380046e-06))
0.0113143     	((-2.684915e-03 3.169414e-01 -5.784851e-03) (1.916257e-05 -2.332842e-03 3.316288e-06)) ((-5.417726e-05 -3.168312e-02 -2.218880e-04) (-5.010109e-06 -1.329087e-04 -1.375645e-06))
0.0113571     	((-2.718469e-03 3.165922e-01 -5.804594e-03) (1.920916e-05 -2.333980e-03 3.267046e-06)) ((-5.538426e-05 -3.165341e-02 -2.228095e-04) (-5.016768e-06 -1.329293e-04 -1.372088e-06))
0.0114        	((-2.756955e-03 3.162513e-01 -5.826631e-03) (1.926742e-05 -2.335135e-03 3.228844e-06)) ((-5.685100e-05 -3.162360e-02 -2.239467e-04) (-5.023006e-06 -1.329527e-04 -1.367567e-06))
0.0114429     	((-2.802640e-03 3.159214e-01 -5.840997e-03) (1.933806e-05 -2.336307e-03 3.198225e-06)) ((-5.863777e-05 -3.159488e-02 -2.246120e-04) (-5.028688e-06 -1.329787e-04 -1.362174e-06))
0.0114857     	((-2.849912e-03 3.156056e-01 -5.854683e-03) (1.941533e-05 -2.337498e-03 3.168290e-06)) ((-6.050076e-05 -3.156766e-02 -2.249751e-04) (-5.033937e-06 -1.330068e-04 -1.356305e-06))
0.0115286     	((-2.895596e-03 3.152877e-01 -5.864585e-03) (1.949549e-05 -2.338711e-03 3.136842e-06)) ((-6.233591e-05 -3.154063e-02 -2.250596e-04) (-5.038722e-06 -1.330364e-04 -1.350151e-06))
0.0115714     	((-2.933870e-03 3.149741e-01 -5.870556e-03) (1.957564e-05 -2.339949e-03 3.103143e-06)) ((-6.388485e-05 -3.151422e-02 -2.249047e-04) (-5.042887e-06 -1.330670e-04 -1.343881e-06))
0.0116143     	((-2.958403e-03 3.146554e-01 -5.883561e-03) (1.965325e-05 -2.341218e-03 3.064423e-06)) ((-6.500572e-05 -3.148779e-02 -2.250023e-04) (-5.046017e-06 -1.330982e-04 -1.337670e-06))
0.0116571     	((-2.981344e-03 3.143370e-01 -5.908371e-03) (1.972582e-05 -2.342515e-03 3.019862e-06)) ((-6.582793e-05 -3.146176e-02 -2.254045e-04) (-5.048480e-06 -1.331301e-04 -1.331619e-06))
0.0117        	((-3.000415e-03 3.140148e-01 -5.936288e-03) (1.978903e-05 -2.343834e-03 2.975102e-06)) ((-6.637465e-05 -3.143557e-02 -2.259733e-04) (-5.050925e-06 -1.331633e-04 -1.325482e-06))
0.0117429     	((-3.022193e-03 3.136939e-01 -5.968764e-03) (1.984291e-05 -2.345171e-03 2.935549e-06)) ((-6.676869e-05 -3.140943e-02 -2.267769e-04) (-5.053644e-06 -1.331981e-04 -1.319172e-06))
0.0117857     	((-3.045892e-03 3.133797e-01 -6.001509e-03) (1.989383e-05 -2.346523e-03 2.900205e-06)) ((-6.736671e-05 -3.138387e-02 -2.275202e-04) (-5.056497e-06 -1.332345e-04 -1.312791e-06))
0.0118286     	((-3.071420e-03 3.130775e-01 -6.025353e-03) (1.993987e-05 -2.347893e-03 2.869406e-06)) ((-6.820570e-05 -3.135928e-02 -2.278725e-04) (-5.059419e-06 -1.332722e-04 -1.306380e-06))
0.0118714     	((-3.107427e-03 3.127772e-01 -6.043426e-03) (1.998620e-05 -2.349284e-03 2.841619e-06)) ((-6.949753e-05 -3.133499e-02 -2.280247e-04) (-5.062412e-06 -1.333108e-04 -1.299856e-06))
0.0119143     	((-3.136689e-03 3.124854e-01 -6.070165e-03) (2.003349e-05 -2.350692e-03 2.817594e-06)) ((-7.077136e-05 -3.131164e-02 -2.284455e-04) (-5.065435e-06 -1.333508e-04 -1.293294e-06))
0.0119571     	((-3.174583e-03 3.121919e-01 -6.094233e-03) (2.008020e-05 -2.352116e-03 2.795881e-06)) ((-7.238050e-05 -3.128824e-02 -2.287944e-04) (-5.068522e-06 -1.333922e-04 -1.286767e-06))
0.012         	((-3.216643e-03 3.118993e-01 -6.113107e-03) (2.012304e-05 -2.353562e-03 2.775120e-06)) ((-7.422490e-05 -3.126491e-02 -2.289103e-04) (-5.072161e-06 -1.334345e-04 -1.280440e-06))
